date,volume,open,close,high,low,symbol
2022-06-01,13.734084849999983,31784.18,31803.8,31817.0,31777.51,X:BTCUSD
2022-06-01,17.091219470000002,31804.87,31816.46,31839.0,31799.3,X:BTCUSD
2022-06-01,18.488728679999987,31816.38,31832.61,31850.0,31798.85,X:BTCUSD
2022-06-01,6.5431570500000005,31828.6,31843.32428673,31853.0,31815.16,X:BTCUSD
2022-06-01,3.4194324299999983,31816.9,31816.68,31844.0,31815.57,X:BTCUSD
2022-06-01,13.62033245999999,31816.69,31842.76,31863.0,31815.25,X:BTCUSD
2022-06-01,6.792543250000001,31842.77,31838.2,31854.0,31825.87,X:BTCUSD
2022-06-01,8.500544879999987,31841.05,31855.73,31865.0,31833.01,X:BTCUSD
2022-06-01,13.506816179999996,31855.73,31837.3,31878.0,31834.6,X:BTCUSD
2022-06-01,7.840135120000005,31837.29,31839.0,31857.0,31811.09,X:BTCUSD
2022-06-01,7.2740445200000075,31810.21,31787.54,31840.5,31785.16,X:BTCUSD
2022-06-01,28.633934220000036,31789.09,31716.99,31811.0,31710.96,X:BTCUSD
2022-06-01,20.933528430000017,31740.0,31724.91,31759.0,31695.0,X:BTCUSD
2022-06-01,10.075186130000004,31727.32,31723.16,31737.0,31688.77,X:BTCUSD
2022-06-01,8.28833345,31723.16,31738.92,31753.4,31714.84,X:BTCUSD
2022-06-01,10.969295839999988,31737.63,31776.0,31777.0,31737.63,X:BTCUSD
2022-06-01,27.727532740000033,31753.51,31833.46,31850.0,31753.51,X:BTCUSD
2022-06-01,12.70740662,31833.45,31850.1,31866.0,31825.96,X:BTCUSD
2022-06-01,18.220230760000003,31844.15,31835.62,31853.0,31810.1,X:BTCUSD
2022-06-01,9.281754569999999,31835.61,31821.16,31862.0,31819.0,X:BTCUSD
2022-06-01,6.617533600000007,31820.41,31768.01,31837.0,31768.0,X:BTCUSD
2022-06-01,13.37648183999996,31768.0,31710.86,31797.0,31710.07,X:BTCUSD
2022-06-01,7.276023820000011,31729.79270414,31715.0,31730.2,31689.68,X:BTCUSD
2022-06-01,17.61835398000002,31701.5,31680.11,31717.88,31660.08,X:BTCUSD
2022-06-01,23.577202320000033,31682.24,31727.41,31752.0,31671.32,X:BTCUSD
2022-06-01,20.777129850000037,31730.0,31730.0,31752.0,31706.42,X:BTCUSD
2022-06-01,10.24508362999999,31730.0,31733.05,31771.01775846,31729.38,X:BTCUSD
2022-06-01,24.29797979000001,31732.72,31808.71,31822.0,31732.72,X:BTCUSD
2022-06-01,21.621020350000027,31808.53,31824.05,31842.91002736,31789.8,X:BTCUSD
2022-06-01,14.149605139999974,31826.05,31800.0,31839.0,31786.5,X:BTCUSD
2022-06-01,20.22603356999997,31799.99,31780.41,31820.0,31765.23,X:BTCUSD
2022-06-01,17.079566160000013,31778.03,31847.76,31866.1,31772.44,X:BTCUSD
2022-06-01,13.682003639999984,31844.9,31856.25,31872.67575369,31822.79,X:BTCUSD
2022-06-01,8.748002899999994,31856.0,31848.38,31876.0,31840.0,X:BTCUSD
2022-06-01,3.634860079999996,31848.38,31864.39,31885.0,31848.38,X:BTCUSD
2022-06-01,13.196126769999974,31866.6,31912.87,31936.0,31862.26,X:BTCUSD
2022-06-01,12.296035839999979,31912.86,31894.28,31937.0,31890.01,X:BTCUSD
2022-06-01,9.583672040000007,31898.1,31867.06,31912.0,31860.8,X:BTCUSD
2022-06-01,14.421621729999979,31866.2,31890.1,31907.83665851,31860.17,X:BTCUSD
2022-06-01,8.941268960000002,31888.36,31908.74,31925.0,31888.36,X:BTCUSD
2022-06-01,23.688550059999983,31908.72,31961.91,31974.1614267,31908.7,X:BTCUSD
2022-06-01,12.206394129999977,31961.75,31930.05,31961.75,31924.1,X:BTCUSD
2022-06-01,21.075820499999974,31930.06,31920.68,31959.90924161,31920.68,X:BTCUSD
2022-06-01,12.977854609999982,31920.69,31929.93,31955.0,31917.51,X:BTCUSD
2022-06-01,7.83810784000001,31937.0,31928.1,31949.0,31920.35,X:BTCUSD
2022-06-01,12.108588839999996,31924.82,31941.54,31955.04,31907.3,X:BTCUSD
2022-06-01,4.166217149999996,31945.04,31927.62,31950.0,31920.01,X:BTCUSD
2022-06-01,10.688926419999998,31927.45,31924.53,31950.0,31916.82,X:BTCUSD
2022-06-01,31.57911765000004,31923.64,31897.0,31940.0,31881.4,X:BTCUSD
2022-06-01,8.019179099999999,31899.11,31879.9,31916.0,31870.54,X:BTCUSD
2022-06-01,6.92915534,31875.42,31882.15,31911.0,31868.89,X:BTCUSD
2022-06-01,4.796539150000003,31883.16,31881.95,31904.0,31872.46,X:BTCUSD
2022-06-01,13.364899559999968,31881.96,31874.13,31895.0,31868.1,X:BTCUSD
2022-06-01,8.821859270000003,31872.75,31896.21,31914.0,31872.75,X:BTCUSD
2022-06-01,10.901216349999993,31897.74,31888.75,31926.39449958,31876.14,X:BTCUSD
2022-06-01,21.224856750000004,31888.24,31952.7,31964.0,31887.3,X:BTCUSD
2022-06-01,8.354507479999995,31952.36,31942.8,31964.0,31929.0,X:BTCUSD
2022-06-01,20.704308600000015,31943.91,31924.86,31964.0,31923.25,X:BTCUSD
2022-06-01,18.52515132999997,31924.97,31921.1,31947.0,31920.27,X:BTCUSD
2022-06-01,10.976873019999992,31919.96,31920.41,31941.0,31912.44,X:BTCUSD
2022-06-01,17.636478880000006,31921.62,31890.45,31933.02,31888.01,X:BTCUSD
2022-06-01,5.857918920000002,31890.45,31878.04,31908.0,31874.49,X:BTCUSD
2022-06-01,13.774342130000003,31879.44,31868.92,31894.0,31859.21,X:BTCUSD
2022-06-01,4.299117089999994,31865.1,31876.1,31894.0,31859.6,X:BTCUSD
2022-06-01,9.989641830000002,31876.09,31864.79,31889.0,31858.38,X:BTCUSD
2022-06-01,15.324972709999983,31863.19,31868.79,31889.0,31858.55,X:BTCUSD
2022-06-01,6.39530789000001,31868.79,31876.16,31895.0,31865.0,X:BTCUSD
2022-06-01,4.111880089999996,31876.16,31862.12,31888.0,31859.7,X:BTCUSD
2022-06-01,17.70238661000003,31862.23,31874.44,31891.0,31860.6,X:BTCUSD
2022-06-01,2.3445976699999997,31874.44,31873.29,31888.0,31856.61,X:BTCUSD
2022-06-01,10.453478669999983,31873.61,31872.36,31893.55586065,31867.94,X:BTCUSD
2022-06-01,5.890697430000002,31874.44,31895.63,31917.0,31870.61,X:BTCUSD
2022-06-01,2.6391541199999993,31879.4,31914.11,31915.94,31879.4,X:BTCUSD
2022-06-01,7.616554020000008,31914.12,31896.31,31931.0,31886.15,X:BTCUSD
2022-06-01,2.826703190000002,31897.36,31897.36,31913.0,31895.39,X:BTCUSD
2022-06-01,11.971128389999999,31897.36,31887.5,31915.0,31879.69,X:BTCUSD
2022-06-01,8.674124099999995,31892.11,31920.57989285,31920.57989285,31889.76,X:BTCUSD
2022-06-01,7.807811880000009,31913.6,31888.55,31926.0,31886.86,X:BTCUSD
2022-06-01,5.840989649999997,31886.47,31897.43,31915.0,31886.47,X:BTCUSD
2022-06-01,4.190442409999997,31897.43,31908.68,31926.6144737,31896.87,X:BTCUSD
2022-06-01,5.727557920000002,31908.68,31887.71,31911.0,31882.5,X:BTCUSD
2022-06-01,8.074913089999999,31890.3,31866.07,31923.0,31866.07,X:BTCUSD
2022-06-01,5.287221850000005,31889.0,31859.5,31889.0,31839.65,X:BTCUSD
2022-06-01,13.80175272,31846.86,31834.64,31863.85124488,31828.79,X:BTCUSD
2022-06-01,6.954976500000001,31831.35,31846.38,31862.25567928,31831.35,X:BTCUSD
2022-06-01,10.562286029999997,31846.36,31849.6,31879.0,31843.31,X:BTCUSD
2022-06-01,6.0478321400000015,31851.32,31871.35,31879.87010363,31848.91,X:BTCUSD
2022-06-01,7.027322490000003,31871.35,31882.81,31882.82,31859.9,X:BTCUSD
2022-06-01,3.8068692499999988,31883.01,31882.67,31886.97,31860.0,X:BTCUSD
2022-06-01,15.970683930000007,31879.87,31888.81,31901.0,31861.6,X:BTCUSD
2022-06-01,8.232941729999999,31887.82,31897.09,31903.0,31874.5,X:BTCUSD
2022-06-01,6.76238158000001,31902.34036012,31900.01,31921.57956264,31890.4,X:BTCUSD
2022-06-01,6.669749879999997,31900.01,31896.81,31915.0,31886.96,X:BTCUSD
2022-06-01,10.448501739999996,31900.04,31920.0,31926.0,31891.4,X:BTCUSD
2022-06-01,12.258893109999994,31920.0,31906.68,31932.0,31900.5,X:BTCUSD
2022-06-01,12.425021840000003,31905.79,31860.0,31921.57956264,31838.52,X:BTCUSD
2022-06-01,6.615187900000007,31848.96,31844.34,31863.46982066,31837.25,X:BTCUSD
2022-06-01,6.189693530000002,31844.43,31851.5,31860.74,31844.34,X:BTCUSD
2022-06-01,5.537395530000006,31854.95,31853.11,31862.74,31850.0,X:BTCUSD
2022-06-01,9.364346710000005,31853.67,31865.88,31877.0,31853.11,X:BTCUSD
2022-06-01,17.57589515999998,31863.9,31863.36,31872.0,31850.95,X:BTCUSD
2022-06-01,2.50451293,31862.8,31865.97,31875.0,31859.8,X:BTCUSD
2022-06-01,7.165393400000013,31864.17,31835.82,31866.0,31833.35,X:BTCUSD
2022-06-01,7.098068740000002,31835.81,31820.26,31850.1,31820.26,X:BTCUSD
2022-06-01,17.318698610000002,31819.94,31823.72,31853.0,31813.89,X:BTCUSD
2022-06-01,33.52202414000001,31823.71,31816.85,31835.75783588,31797.56,X:BTCUSD
2022-06-01,7.159526260000011,31815.95,31823.32,31843.0,31815.1,X:BTCUSD
2022-06-01,3.142800989999997,31823.28,31824.89,31843.0,31818.05,X:BTCUSD
2022-06-01,26.79468554,31821.53,31831.6,31844.0,31811.08,X:BTCUSD
2022-06-01,4.591030979999998,31834.97,31819.81,31838.0,31819.71,X:BTCUSD
2022-06-01,7.150549400000007,31819.8,31839.65,31844.06,31815.27,X:BTCUSD
2022-06-01,11.10693723,31840.33,31851.93,31871.0,31832.82,X:BTCUSD
2022-06-01,5.011193760000013,31851.93,31855.86,31864.0,31845.3,X:BTCUSD
2022-06-01,4.3964288699999985,31855.86,31868.71,31872.80438694,31851.53,X:BTCUSD
2022-06-01,8.226001820000004,31868.86,31864.4,31881.46,31863.8,X:BTCUSD
2022-06-01,10.461115699999992,31869.19,31880.68,31886.7,31867.5,X:BTCUSD
2022-06-01,26.616551690000012,31882.1,31896.3,31901.58,31881.2,X:BTCUSD
2022-06-01,6.294131459999995,31896.29,31895.44,31898.99,31889.0,X:BTCUSD
2022-06-01,20.93867130000001,31895.43,31890.0,31901.7,31889.63697641,X:BTCUSD
2022-06-01,52.96621805999997,31890.0,31906.2,31908.89,31890.0,X:BTCUSD
